5190928
5239824
5239824
5239824
5239824
5239824
5239824
5239824
5239824
5191552
5191552
5191552
5191552
5255216
5255216
5255216
5255216
5255216
5255216
5255216
5255216
5255216
5255216
5255216
5203696
5203696
5203696
5203696
5252544
5252544
5252544
5252544
5252544
5252544
5252544
5252544
5192752
5192768
5192768
5192768
5241168
5241168
5241168
5241168
5241168
5241168
5241168
5241152
5192880
5192880
5192880
5192896
5256512
5256512
5256512
5256512
5256512
5256512
5256512
5256512
5256512
5256512
5256512
5204976
5204976
5204976
5204976
5253856
5253856
5253856
5253856
5253856
5253856
5253856
5253856
5194064
5194096
5194112
5194112
