5629312
5656736
5656816
5656816
5656816
5656816
5656816
5629360
5629280
5629280
5629280
5629280
5659264
5659264
5659344
5659344
5659344
5659344
5659344
5631200
5631232
5631232
5631232
5631232
5631232
5658960
5659040
5659056
5659056
5659056
5659056
5630208
5630112
5630112
5630112
5630112
5630112
5658352
5658352
5658432
5658432
5658432
5658432
5658432
5630960
5630880
5630880
5630880
5630880
5650112
5660576
5660576
5660640
5660640
5660640
5660640
5660640
5660640
5632496
5632544
5632544
5632544
5632544
5632544
5659904
5659904
5660000
5660000
5660000
5660000
5660000
5631136
5631040
5631040
5631040
5631040
5631040
