6087408
6120848
6120864
6120864
6120864
6120864
6120928
6120928
6120928
6120928
6120928
6120400
6120400
6120400
6120400
6120400
6087376
6087280
6087280
6087296
6087296
6087296
6123312
6123312
6123312
6123312
6123328
6123392
6123392
6123392
6123392
6123392
6123408
6123408
6123408
6123408
6123424
6089056
6089056
6089200
6089200
6089200
6089200
6122256
6122256
6122256
6122256
6122352
6122352
6122352
6122352
6122352
6122352
6122368
6122368
6122368
6122368
6087744
6087632
6087632
6087632
6087632
6087632
6121056
6121056
6121056
6121056
6121136
6121136
6121152
6121152
6121152
6121152
6121152
6121152
6121152
6121152
6088208
6088224
6088224
6088224
6088224
6088224
6124016
6124016
6124016
6124016
6124016
6124096
6124096
6124096
6124096
6124096
6124096
6124096
6124096
6124096
6124096
6089728
6089760
6089760
6089760
6089760
6089760
6122848
6122848
6122848
6122848
6122944
6122944
6122944
6122944
6122944
6122944
6122944
6122944
6122944
6122944
6088320
6088208
6088208
6088208
6088208
6088208
